OpNumber,Type,QueueSize,Latency_us
0,ENQUEUE,1,1.100
50,ENQUEUE,3,0.100
100,ENQUEUE,15,0.100
150,DEQUEUE,27,0.100
200,ENQUEUE,41,0.100
250,DEQUEUE,47,0.000
300,DEQUEUE,33,0.100
350,DEQUEUE,25,0.100
400,DEQUEUE,43,0.100
450,DEQUEUE,53,0.000
500,DEQUEUE,47,0.100
550,DEQUEUE,53,0.000
600,ENQUEUE,67,0.000
650,DEQUEUE,61,0.100
700,DEQUEUE,65,0.100
750,ENQUEUE,55,0.100
800,ENQUEUE,51,0.100
850,ENQUEUE,49,0.100
900,DEQUEUE,53,0.100
950,ENQUEUE,57,0.000
1000,DEQUEUE,61,0.100
1050,ENQUEUE,67,0.100
1100,ENQUEUE,83,0.100
1150,ENQUEUE,91,0.300
1200,ENQUEUE,97,0.100
1250,ENQUEUE,97,0.100
1300,ENQUEUE,97,0.100
1350,ENQUEUE,103,0.100
1400,DEQUEUE,97,0.100
1450,DEQUEUE,97,0.100
1500,DEQUEUE,105,0.100
1550,DEQUEUE,107,0.100
1600,ENQUEUE,111,0.000
1650,ENQUEUE,123,0.100
1700,ENQUEUE,121,0.100
1750,ENQUEUE,113,0.100
1800,ENQUEUE,127,0.100
1850,DEQUEUE,125,0.100
1900,ENQUEUE,127,0.100
1950,DEQUEUE,125,0.100
2000,DEQUEUE,133,0.100
2050,ENQUEUE,129,0.100
2100,ENQUEUE,139,0.100
2150,ENQUEUE,139,0.200
2200,DEQUEUE,145,0.000
2250,ENQUEUE,151,0.100
2300,DEQUEUE,159,0.100
2350,DEQUEUE,169,0.100
2400,ENQUEUE,175,0.100
2450,DEQUEUE,183,0.100
2500,ENQUEUE,183,0.100
2550,ENQUEUE,197,0.100
2600,DEQUEUE,195,0.000
2650,ENQUEUE,199,0.000
2700,ENQUEUE,199,0.100
2750,ENQUEUE,189,0.000
2800,ENQUEUE,191,0.000
2850,DEQUEUE,191,0.100
2900,ENQUEUE,191,0.100
2950,DEQUEUE,201,0.100
3000,DEQUEUE,201,0.000
3050,DEQUEUE,215,0.000
3100,DEQUEUE,219,0.100
3150,ENQUEUE,223,0.100
3200,ENQUEUE,229,0.100
3250,ENQUEUE,241,0.100
3300,DEQUEUE,241,0.100
3350,ENQUEUE,249,0.000
3400,DEQUEUE,261,0.100
3450,ENQUEUE,255,0.100
3500,ENQUEUE,273,0.100
3550,DEQUEUE,281,0.100
3600,ENQUEUE,279,0.100
3650,DEQUEUE,293,0.000
3700,ENQUEUE,307,0.000
3750,ENQUEUE,321,0.100
3800,ENQUEUE,327,0.000
3850,DEQUEUE,327,0.100
3900,ENQUEUE,333,0.100
3950,ENQUEUE,343,0.100
4000,ENQUEUE,347,0.100
4050,DEQUEUE,359,0.100
4100,ENQUEUE,353,0.100
4150,DEQUEUE,349,0.100
4200,ENQUEUE,349,0.100
4250,ENQUEUE,353,0.100
4300,ENQUEUE,363,0.100
4350,ENQUEUE,365,0.100
4400,ENQUEUE,371,0.000
4450,ENQUEUE,385,0.100
4500,ENQUEUE,375,0.100
4550,ENQUEUE,385,0.100
4600,ENQUEUE,385,0.100
4650,ENQUEUE,391,0.100
4700,DEQUEUE,399,0.100
4750,ENQUEUE,407,0.100
4800,ENQUEUE,417,0.100
4850,ENQUEUE,433,0.100
4900,DEQUEUE,433,0.100
4950,DEQUEUE,441,0.100
5000,DEQUEUE,433,0.000
5050,ENQUEUE,437,0.100
5100,ENQUEUE,445,0.100
5150,DEQUEUE,447,0.100
5200,ENQUEUE,453,0.100
5250,DEQUEUE,465,0.100
5300,ENQUEUE,471,0.100
5350,ENQUEUE,477,0.100
5400,ENQUEUE,485,0.100
5450,DEQUEUE,485,0.100
5500,ENQUEUE,491,0.100
5550,ENQUEUE,493,0.200
5600,ENQUEUE,499,0.100
5650,DEQUEUE,503,0.100
5700,DEQUEUE,513,0.100
5750,ENQUEUE,527,0.100
5800,DEQUEUE,525,0.100
5850,ENQUEUE,541,0.100
5900,DEQUEUE,557,0.000
5950,ENQUEUE,561,0.100
6000,ENQUEUE,565,0.100
6050,ENQUEUE,571,0.100
6100,DEQUEUE,581,0.000
6150,ENQUEUE,589,0.000
6200,DEQUEUE,591,0.100
6250,ENQUEUE,601,0.100
6300,ENQUEUE,591,0.100
6350,ENQUEUE,595,0.100
6400,ENQUEUE,605,0.100
6450,ENQUEUE,605,0.100
6500,DEQUEUE,603,0.100
6550,DEQUEUE,605,0.100
6600,DEQUEUE,617,0.100
6650,ENQUEUE,613,0.100
6700,ENQUEUE,623,0.100
6750,ENQUEUE,631,0.200
6800,ENQUEUE,631,0.100
6850,DEQUEUE,631,0.100
6900,ENQUEUE,629,0.100
6950,ENQUEUE,641,0.100
7000,ENQUEUE,653,0.100
7050,ENQUEUE,661,0.100
7100,DEQUEUE,667,0.100
7150,ENQUEUE,679,0.100
7200,ENQUEUE,691,0.100
7250,DEQUEUE,701,0.200
7300,ENQUEUE,703,0.100
7350,DEQUEUE,693,0.100
7400,ENQUEUE,693,0.200
7450,ENQUEUE,709,0.200
7500,DEQUEUE,709,0.100
7550,DEQUEUE,711,0.100
7600,DEQUEUE,717,0.100
7650,DEQUEUE,729,0.000
7700,ENQUEUE,729,0.300
7750,ENQUEUE,727,0.100
7800,ENQUEUE,731,0.100
7850,ENQUEUE,747,0.100
7900,DEQUEUE,763,0.100
7950,ENQUEUE,759,0.100
8000,ENQUEUE,769,0.100
8050,ENQUEUE,773,0.100
8100,DEQUEUE,777,0.000
8150,DEQUEUE,795,0.100
8200,ENQUEUE,791,0.100
8250,DEQUEUE,781,0.100
8300,DEQUEUE,775,0.100
8350,ENQUEUE,777,0.100
8400,DEQUEUE,765,0.100
8450,DEQUEUE,761,0.100
8500,ENQUEUE,767,0.100
8550,ENQUEUE,769,0.100
8600,DEQUEUE,777,0.100
8650,ENQUEUE,787,0.200
8700,DEQUEUE,781,0.100
8750,DEQUEUE,767,0.200
8800,DEQUEUE,769,0.000
8850,ENQUEUE,773,0.100
8900,ENQUEUE,789,0.100
8950,DEQUEUE,789,0.000
9000,DEQUEUE,803,0.100
9050,ENQUEUE,817,0.100
9100,ENQUEUE,817,0.100
9150,ENQUEUE,825,0.100
9200,ENQUEUE,837,0.100
9250,DEQUEUE,833,0.100
9300,DEQUEUE,837,0.100
9350,DEQUEUE,845,0.100
9400,ENQUEUE,853,0.100
9450,ENQUEUE,855,0.100
9500,ENQUEUE,859,0.100
9550,DEQUEUE,861,0.100
9600,DEQUEUE,861,0.100
9650,ENQUEUE,867,0.100
9700,ENQUEUE,867,0.100
9750,ENQUEUE,857,0.100
9800,ENQUEUE,851,0.100
9850,ENQUEUE,851,0.100
9900,ENQUEUE,855,0.200
9950,ENQUEUE,853,0.100
10000,ENQUEUE,849,0.100
10050,DEQUEUE,859,0.100
10100,DEQUEUE,861,0.100
10150,DEQUEUE,867,0.100
10200,ENQUEUE,873,0.200
10250,ENQUEUE,883,0.100
10300,ENQUEUE,885,0.200
10350,ENQUEUE,883,0.100
10400,ENQUEUE,885,0.100
10450,DEQUEUE,893,0.100
10500,ENQUEUE,897,0.100
10550,DEQUEUE,901,0.100
10600,DEQUEUE,909,0.000
10650,DEQUEUE,909,0.100
10700,ENQUEUE,901,0.200
10750,ENQUEUE,903,0.100
10800,DEQUEUE,901,0.100
10850,ENQUEUE,905,0.100
10900,DEQUEUE,909,0.100
10950,DEQUEUE,913,0.100
11000,ENQUEUE,935,0.100
11050,ENQUEUE,945,0.100
11100,ENQUEUE,947,0.100
11150,ENQUEUE,951,0.100
11200,DEQUEUE,945,0.100
11250,ENQUEUE,939,0.100
11300,ENQUEUE,939,0.100
11350,ENQUEUE,957,0.100
11400,ENQUEUE,963,0.200
11450,ENQUEUE,967,0.100
11500,ENQUEUE,973,0.100
11550,ENQUEUE,987,0.100
11600,ENQUEUE,1001,0.200
11650,ENQUEUE,1005,0.200
11700,ENQUEUE,999,0.100
11750,ENQUEUE,997,0.100
11800,DEQUEUE,1003,0.100
11850,ENQUEUE,1013,0.200
11900,ENQUEUE,1015,0.100
11950,DEQUEUE,1005,0.100
12000,DEQUEUE,1011,0.100
12050,DEQUEUE,995,0.100
12100,ENQUEUE,993,0.100
12150,ENQUEUE,991,0.100
12200,ENQUEUE,995,0.100
12250,ENQUEUE,1011,0.100
12300,ENQUEUE,1021,0.100
12350,ENQUEUE,1025,0.100
12400,ENQUEUE,1033,0.100
12450,DEQUEUE,1027,0.100
12500,DEQUEUE,1023,0.100
12550,DEQUEUE,1035,0.100
12600,ENQUEUE,1031,0.100
12650,ENQUEUE,1045,0.100
12700,DEQUEUE,1047,0.000
12750,ENQUEUE,1061,0.700
12800,ENQUEUE,1079,0.000
12850,DEQUEUE,1095,0.100
12900,ENQUEUE,1101,0.100
12950,DEQUEUE,1119,0.100
13000,DEQUEUE,1119,0.000
13050,DEQUEUE,1133,0.000
13100,ENQUEUE,1161,0.100
13150,DEQUEUE,1179,0.000
13200,ENQUEUE,1201,0.100
13250,ENQUEUE,1207,0.100
13300,ENQUEUE,1205,0.100
13350,ENQUEUE,1205,0.100
13400,ENQUEUE,1215,0.000
13450,ENQUEUE,1235,0.100
13500,DEQUEUE,1229,0.100
13550,DEQUEUE,1233,0.100
13600,ENQUEUE,1237,0.100
13650,ENQUEUE,1237,0.100
13700,ENQUEUE,1249,0.000
13750,DEQUEUE,1251,0.100
13800,ENQUEUE,1253,0.000
13850,DEQUEUE,1251,0.100
13900,ENQUEUE,1271,0.100
13950,ENQUEUE,1283,0.100
14000,ENQUEUE,1277,0.000
14050,ENQUEUE,1279,0.100
14100,DEQUEUE,1275,0.100
14150,DEQUEUE,1289,0.100
14200,ENQUEUE,1289,0.100
14250,ENQUEUE,1293,0.100
14300,ENQUEUE,1303,0.100
14350,ENQUEUE,1317,0.000
14400,ENQUEUE,1331,0.100
14450,ENQUEUE,1333,0.100
14500,ENQUEUE,1331,0.100
14550,DEQUEUE,1323,0.000
14600,DEQUEUE,1327,0.100
14650,ENQUEUE,1327,0.000
14700,ENQUEUE,1329,0.100
14750,ENQUEUE,1343,0.100
14800,ENQUEUE,1339,0.100
14850,DEQUEUE,1349,0.000
14900,DEQUEUE,1349,0.000
14950,DEQUEUE,1347,0.000
15000,DEQUEUE,1351,0.000
15050,ENQUEUE,1369,0.300
15100,ENQUEUE,1381,0.000
15150,DEQUEUE,1395,0.100
15200,DEQUEUE,1405,0.100
15250,DEQUEUE,1415,0.000
15300,DEQUEUE,1415,0.100
15350,DEQUEUE,1423,0.100
15400,ENQUEUE,1439,0.100
15450,ENQUEUE,1453,0.100
15500,ENQUEUE,1459,0.000
15550,DEQUEUE,1469,0.100
15600,ENQUEUE,1471,0.100
15650,DEQUEUE,1477,0.100
15700,ENQUEUE,1473,0.100
15750,ENQUEUE,1467,0.100
15800,ENQUEUE,1469,0.100
15850,DEQUEUE,1471,0.100
15900,DEQUEUE,1481,0.100
15950,ENQUEUE,1479,0.100
16000,DEQUEUE,1483,0.100
16050,DEQUEUE,1477,0.100
16100,ENQUEUE,1479,0.000
16150,ENQUEUE,1493,0.100
16200,ENQUEUE,1493,0.000
16250,ENQUEUE,1495,0.100
16300,DEQUEUE,1505,0.100
16350,DEQUEUE,1509,0.000
16400,ENQUEUE,1527,0.100
16450,ENQUEUE,1545,0.100
16500,ENQUEUE,1543,0.000
16550,ENQUEUE,1549,0.100
16600,DEQUEUE,1559,0.100
16650,ENQUEUE,1559,0.100
16700,DEQUEUE,1559,0.000
16750,DEQUEUE,1567,0.100
16800,ENQUEUE,1579,0.100
16850,ENQUEUE,1595,0.100
16900,ENQUEUE,1607,0.100
16950,ENQUEUE,1607,0.100
17000,ENQUEUE,1605,0.000
17050,DEQUEUE,1613,0.000
17100,ENQUEUE,1621,0.100
17150,DEQUEUE,1617,0.000
17200,DEQUEUE,1629,0.100
17250,ENQUEUE,1635,0.100
17300,ENQUEUE,1641,0.100
17350,ENQUEUE,1647,0.100
17400,DEQUEUE,1659,0.000
17450,ENQUEUE,1669,0.100
17500,DEQUEUE,1689,0.200
17550,ENQUEUE,1701,0.100
17600,DEQUEUE,1705,0.000
17650,ENQUEUE,1715,0.100
17700,ENQUEUE,1733,0.000
17750,ENQUEUE,1737,0.100
17800,ENQUEUE,1735,0.100
17850,DEQUEUE,1739,0.100
17900,ENQUEUE,1753,0.100
17950,DEQUEUE,1753,0.000
18000,ENQUEUE,1767,0.100
18050,ENQUEUE,1783,0.100
18100,ENQUEUE,1795,0.100
18150,ENQUEUE,1801,0.100
18200,ENQUEUE,1819,0.100
18250,DEQUEUE,1823,0.100
18300,ENQUEUE,1841,0.100
18350,ENQUEUE,1861,0.100
18400,ENQUEUE,1855,0.000
18450,ENQUEUE,1847,0.100
18500,ENQUEUE,1847,0.100
18550,DEQUEUE,1855,0.000
18600,DEQUEUE,1867,0.100
18650,ENQUEUE,1873,0.100
18700,ENQUEUE,1879,0.100
18750,DEQUEUE,1891,0.300
18800,ENQUEUE,1889,0.100
18850,DEQUEUE,1903,0.100
18900,DEQUEUE,1903,0.100
18950,DEQUEUE,1911,0.100
19000,ENQUEUE,1911,0.100
19050,ENQUEUE,1913,0.100
19100,DEQUEUE,1917,0.100
19150,DEQUEUE,1923,0.100
19200,DEQUEUE,1931,0.100
19250,DEQUEUE,1939,0.100
19300,ENQUEUE,1953,0.100
19350,DEQUEUE,1959,0.100
19400,DEQUEUE,1959,0.100
19450,DEQUEUE,1971,0.100
19500,ENQUEUE,1979,0.100
19550,ENQUEUE,1981,0.200
19600,DEQUEUE,1991,0.100
19650,ENQUEUE,1993,0.000
19700,DEQUEUE,1999,0.100
19750,ENQUEUE,2009,0.100
19800,ENQUEUE,2017,0.100
19850,DEQUEUE,2027,0.100
19900,ENQUEUE,2037,0.100
19950,ENQUEUE,2031,0.200
20000,DEQUEUE,2035,0.100
20050,DEQUEUE,2035,0.100
20100,ENQUEUE,2051,0.100
20150,ENQUEUE,2043,0.100
20200,DEQUEUE,2051,0.100
20250,DEQUEUE,2051,0.100
20300,DEQUEUE,2059,0.100
20350,DEQUEUE,2049,0.100
20400,ENQUEUE,2053,0.100
20450,ENQUEUE,2063,0.100
20500,ENQUEUE,2069,0.100
20550,DEQUEUE,2067,0.100
20600,ENQUEUE,2073,0.100
20650,DEQUEUE,2075,0.100
20700,ENQUEUE,2089,0.100
20750,ENQUEUE,2097,0.100
20800,ENQUEUE,2097,0.100
20850,DEQUEUE,2093,0.100
20900,ENQUEUE,2091,0.200
20950,DEQUEUE,2099,0.000
21000,DEQUEUE,2101,0.100
21050,DEQUEUE,2105,0.100
21100,DEQUEUE,2115,0.100
21150,DEQUEUE,2115,0.000
21200,ENQUEUE,2105,0.100
21250,ENQUEUE,2105,0.100
21300,DEQUEUE,2115,0.100
21350,ENQUEUE,2127,0.200
21400,ENQUEUE,2131,0.200
21450,ENQUEUE,2133,0.100
21500,DEQUEUE,2149,0.000
21550,DEQUEUE,2157,0.100
21600,ENQUEUE,2159,0.100
21650,DEQUEUE,2151,0.100
21700,DEQUEUE,2155,0.100
21750,ENQUEUE,2155,0.000
21800,ENQUEUE,2165,0.100
21850,DEQUEUE,2167,0.100
21900,ENQUEUE,2167,0.100
21950,ENQUEUE,2161,0.100
22000,DEQUEUE,2163,0.000
22050,DEQUEUE,2161,0.100
22100,DEQUEUE,2165,0.100
22150,DEQUEUE,2179,0.000
22200,DEQUEUE,2179,0.200
22250,DEQUEUE,2181,0.100
22300,ENQUEUE,2193,0.200
22350,ENQUEUE,2201,0.100
22400,DEQUEUE,2207,0.100
22450,ENQUEUE,2217,0.100
22500,DEQUEUE,2207,0.100
22550,DEQUEUE,2225,0.000
22600,DEQUEUE,2227,0.000
22650,ENQUEUE,2245,0.100
22700,DEQUEUE,2253,0.100
22750,ENQUEUE,2273,0.100
22800,DEQUEUE,2281,0.100
22850,DEQUEUE,2291,0.000
22900,DEQUEUE,2303,0.100
22950,ENQUEUE,2315,0.100
23000,ENQUEUE,2319,0.100
23050,DEQUEUE,2335,0.100
23100,ENQUEUE,2339,0.100
23150,DEQUEUE,2343,0.100
23200,ENQUEUE,2343,0.000
23250,ENQUEUE,2347,0.100
23300,ENQUEUE,2357,0.100
23350,ENQUEUE,2373,0.100
23400,ENQUEUE,2387,0.100
23450,ENQUEUE,2391,0.100
23500,DEQUEUE,2393,0.100
23550,ENQUEUE,2395,0.100
23600,DEQUEUE,2393,0.100
23650,ENQUEUE,2393,0.100
23700,ENQUEUE,2411,0.100
23750,DEQUEUE,2415,0.100
23800,ENQUEUE,2421,0.100
23850,ENQUEUE,2431,0.100
23900,ENQUEUE,2433,0.100
23950,ENQUEUE,2421,0.100
24000,DEQUEUE,2419,0.000
24050,DEQUEUE,2415,0.100
24100,DEQUEUE,2423,0.100
24150,DEQUEUE,2431,0.100
24200,ENQUEUE,2447,0.100
24250,ENQUEUE,2457,0.100
24300,DEQUEUE,2459,0.000
24350,ENQUEUE,2471,0.100
24400,ENQUEUE,2465,0.100
24450,DEQUEUE,2459,0.100
24500,ENQUEUE,2449,0.200
24550,DEQUEUE,2457,0.100
24600,DEQUEUE,2465,0.100
24650,DEQUEUE,2461,0.100
24700,ENQUEUE,2467,0.100
24750,ENQUEUE,2477,0.200
24800,DEQUEUE,2475,0.100
24850,DEQUEUE,2473,0.100
24900,ENQUEUE,2477,0.100
24950,DEQUEUE,2481,0.100
25000,ENQUEUE,2485,0.100
25050,ENQUEUE,2489,0.100
25100,DEQUEUE,2475,0.100
25150,DEQUEUE,2489,0.100
25200,DEQUEUE,2495,0.100
25250,DEQUEUE,2503,0.100
25300,ENQUEUE,2507,0.100
25350,DEQUEUE,2511,0.100
25400,ENQUEUE,2515,0.100
25450,DEQUEUE,2515,0.100
25500,ENQUEUE,2533,0.100
25550,ENQUEUE,2541,0.100
25600,DEQUEUE,2549,0.000
25650,ENQUEUE,2545,0.100
25700,DEQUEUE,2547,0.100
25750,DEQUEUE,2551,0.200
25800,DEQUEUE,2545,0.100
25850,ENQUEUE,2553,0.100
25900,DEQUEUE,2551,0.100
25950,ENQUEUE,2559,0.100
26000,ENQUEUE,2561,0.100
26050,ENQUEUE,2571,0.100
26100,DEQUEUE,2573,0.100
26150,DEQUEUE,2587,0.000
26200,DEQUEUE,2589,0.100
26250,ENQUEUE,2603,0.100
26300,ENQUEUE,2613,0.100
26350,ENQUEUE,2611,0.100
26400,DEQUEUE,2601,0.100
26450,DEQUEUE,2617,0.100
26500,DEQUEUE,2623,0.100
26550,ENQUEUE,2629,0.100
26600,DEQUEUE,2639,0.000
26650,ENQUEUE,2637,0.100
26700,ENQUEUE,2655,0.100
26750,ENQUEUE,2671,0.100
26800,DEQUEUE,2673,0.100
26850,ENQUEUE,2673,0.100
26900,DEQUEUE,2681,0.000
26950,DEQUEUE,2683,0.100
27000,ENQUEUE,2677,0.100
27050,ENQUEUE,2683,0.100
27100,ENQUEUE,2691,0.100
27150,ENQUEUE,2685,0.100
27200,DEQUEUE,2689,0.100
27250,ENQUEUE,2701,0.200
27300,DEQUEUE,2699,0.100
27350,ENQUEUE,2691,0.100
27400,DEQUEUE,2705,0.100
27450,ENQUEUE,2715,0.100
27500,ENQUEUE,2723,0.100
27550,ENQUEUE,2721,0.100
27600,ENQUEUE,2727,0.100
27650,DEQUEUE,2739,0.100
27700,DEQUEUE,2741,0.100
27750,ENQUEUE,2753,0.100
27800,ENQUEUE,2761,0.100
27850,ENQUEUE,2769,0.100
27900,ENQUEUE,2789,0.100
27950,DEQUEUE,2783,0.100
28000,ENQUEUE,2779,0.200
28050,DEQUEUE,2779,0.100
28100,DEQUEUE,2785,0.100
28150,DEQUEUE,2789,0.300
28200,DEQUEUE,2795,0.100
28250,DEQUEUE,2807,0.100
28300,DEQUEUE,2805,0.200
28350,DEQUEUE,2797,0.100
28400,DEQUEUE,2811,0.100
28450,ENQUEUE,2819,0.100
28500,ENQUEUE,2823,0.000
28550,ENQUEUE,2831,0.100
28600,DEQUEUE,2839,0.200
28650,ENQUEUE,2837,0.100
28700,ENQUEUE,2847,0.100
28750,ENQUEUE,2861,0.100
28800,ENQUEUE,2873,0.100
28850,DEQUEUE,2867,0.100
28900,ENQUEUE,2875,0.100
28950,ENQUEUE,2875,0.000
29000,ENQUEUE,2883,0.100
29050,DEQUEUE,2891,0.200
29100,ENQUEUE,2895,0.100
29150,ENQUEUE,2911,0.100
29200,ENQUEUE,2917,0.200
29250,ENQUEUE,2917,0.100
29300,DEQUEUE,2923,0.100
29350,DEQUEUE,2921,0.100
29400,DEQUEUE,2929,0.100
29450,ENQUEUE,2933,0.100
29500,DEQUEUE,2925,0.100
29550,ENQUEUE,2909,0.100
29600,ENQUEUE,2909,0.000
29650,DEQUEUE,2907,0.100
29700,DEQUEUE,2901,0.100
29750,ENQUEUE,2913,0.100
29800,DEQUEUE,2919,0.000
29850,ENQUEUE,2919,0.100
29900,DEQUEUE,2927,0.000
29950,ENQUEUE,2937,0.100
30000,ENQUEUE,2945,0.000
30050,ENQUEUE,2941,0.100
30100,DEQUEUE,2947,0.100
